7
44
15
49
7
44
15
50
7
44
15
51
7
44
15
52
7
44
15
53
7
44
15
54
7
43
15
56
7
43
15
57
7
42
15
58
7
42
15
59
7
41
16
1
7
41
16
2
7
40
16
4
7
39
16
5
7
39
16
7
7
38
16
8
7
37
16
10
7
36
16
11
7
35
16
13
7
34
16
14
7
33
16
16
7
32
16
18
7
31
16
19
7
30
16
21
7
29
16
23
7
27
16
24
7
26
16
26
7
25
16
28
7
23
16
29
7
22
16
31
7
21
16
33
7
19
16
35
7
18
16
36
7
16
16
38
7
15
16
40
7
13
16
42
7
11
16
43
7
10
16
45
7
8
16
47
7
6
16
49
7
5
16
51
7
3
16
52
7
1
16
54
6
59
16
56
6
58
16
58
6
56
16
59
6
54
17
1
6
52
17
3
6
50
17
5
6
48
17
6
6
46
17
8
6
44
17
10
6
42
17
12
6
40
17
13
6
38
17
15
6
36
17
17
6
34
17
18
6
32
17
20
6
30
17
22
6
28
17
24
6
26
17
25
6
24
17
27
6
22
17
29
6
20
17
30
6
18
17
32
6
15
17
34
6
13
17
35
6
11
17
37
6
9
17
39
6
7
17
40
6
5
17
42
6
2
17
44
6
0
17
45
5
58
17
47
5
56
17
49
5
54
17
50
5
51
17
52
5
49
17
53
5
47
17
55
5
45
17
57
5
42
17
58
5
40
18
0
5
38
18
2
5
36
18
3
5
34
18
5
5
31
18
6
5
29
18
8
5
27
18
10
5
25
18
11
5
23
18
13
5
20
18
14
5
18
18
16
5
16
18
18
5
14
18
19
5
12
18
21
5
9
18
22
5
7
18
24
5
5
18
26
5
3
18
27
5
1
18
29
4
59
18
31
4
56
18
32
4
54
18
34
4
52
18
35
4
50
18
37
4
48
18
39
4
46
18
40
4
44
18
42
4
42
18
43
4
40
18
45
4
38
18
47
4
36
18
48
4
34
18
50
4
32
18
51
4
30
18
53
4
28
18
54
4
26
18
56
4
24
18
58
4
22
18
59
4
20
19
1
4
19
19
2
4
17
19
4
4
15
19
6
4
13
19
7
4
11
19
9
4
10
19
10
4
8
19
12
4
6
19
13
4
5
19
15
4
3
19
16
4
2
19
18
4
0
19
19
3
58
19
21
3
57
19
22
3
56
19
24
3
54
19
25
3
53
19
26
3
51
19
28
3
50
19
29
3
49
19
31
3
48
19
32
3
46
19
33
3
45
19
35
3
44
19
36
3
43
19
37
3
42
19
38
3
41
19
40
3
40
19
41
3
39
19
42
3
38
19
43
3
37
19
44
3
37
19
45
3
36
19
46
3
35
19
47
3
34
19
48
3
34
19
49
3
33
19
50
3
33
19
51
3
32
19
52
3
32
19
52
3
31
19
53
3
31
19
54
3
31
19
55
3
31
19
55
3
31
19
56
3
30
19
56
3
30
19
57
3
30
19
57
3
30
19
58
3
30
19
58
3
31
19
58
3
31
19
58
3
31
19
59
3
31
19
59
3
31
19
59
3
32
19
59
3
32
19
59
3
33
19
59
3
33
19
59
3
34
19
59
3
34
19
58
3
35
19
58
3
36
19
58
3
36
19
57
3
37
19
57
3
38
19
57
3
39
19
56
3
39
19
56
3
40
19
55
3
41
19
54
3
42
19
54
3
43
19
53
3
44
19
52
3
45
19
51
3
46
19
50
3
48
19
49
3
49
19
49
3
50
19
48
3
51
19
46
3
52
19
45
3
53
19
44
3
55
19
43
3
56
19
42
3
57
19
41
3
59
19
39
4
0
19
38
4
1
19
37
4
3
19
35
4
4
19
34
4
5
19
32
4
7
19
31
4
8
19
29
4
10
19
28
4
11
19
26
4
13
19
25
4
14
19
23
4
16
19
21
4
17
19
20
4
18
19
18
4
20
19
16
4
21
19
14
4
23
19
13
4
24
19
11
4
26
19
9
4
27
19
7
4
29
19
5
4
31
19
3
4
32
19
1
4
34
18
59
4
35
18
58
4
37
18
56
4
38
18
54
4
40
18
52
4
41
18
50
4
43
18
47
4
44
18
45
4
46
18
43
4
47
18
41
4
49
18
39
4
50
18
37
4
52
18
35
4
53
18
33
4
55
18
31
4
56
18
28
4
58
18
26
5
0
18
24
5
1
18
22
5
3
18
20
5
4
18
18
5
6
18
15
5
7
18
13
5
9
18
11
5
10
18
9
5
12
18
6
5
13
18
4
5
15
18
2
5
16
18
0
5
18
17
58
5
19
17
55
5
21
17
53
5
22
17
51
5
24
17
49
5
26
17
46
5
27
17
44
5
29
17
42
5
30
17
40
5
32
17
37
5
33
17
35
5
35
17
33
5
36
17
31
5
38
17
28
5
39
17
26
5
41
17
24
5
43
17
22
5
44
17
20
5
46
17
17
5
47
17
15
5
49
17
13
5
51
17
11
5
52
17
9
5
54
17
6
5
55
17
4
5
57
17
2
5
59
17
0
6
0
16
58
6
2
16
56
6
3
16
54
6
5
16
52
6
7
16
49
6
8
16
47
6
10
16
45
6
12
16
43
6
13
16
41
6
15
16
39
6
17
16
37
6
18
16
35
6
20
16
33
6
22
16
32
6
23
16
30
6
25
16
28
6
27
16
26
6
28
16
24
6
30
16
22
6
32
16
20
6
33
16
19
6
35
16
17
6
37
16
15
6
39
16
14
6
40
16
12
6
42
16
10
6
44
16
9
6
45
16
7
6
47
16
6
6
49
16
4
6
50
16
3
6
52
16
1
6
54
16
0
6
55
15
58
6
57
15
57
6
59
15
56
7
0
15
55
7
2
15
53
7
4
15
52
7
5
15
51
7
7
15
50
7
8
15
49
7
10
15
48
7
12
15
47
7
13
15
46
7
15
15
45
7
16
15
44
7
18
15
44
7
19
15
43
7
20
15
42
7
22
15
41
7
23
15
41
7
24
15
40
7
26
15
40
7
27
15
39
7
28
15
39
7
29
15
39
7
31
15
39
7
32
15
38
7
33
15
38
7
34
15
38
7
35
15
38
7
36
15
38
7
37
15
38
7
37
15
38
7
38
15
38
7
39
15
39
7
40
15
39
7
40
15
39
7
41
15
40
7
42
15
40
7
42
15
41
7
43
15
41
7
43
15
42
7
43
15
42
7
44
15
43
7
44
15
44
7
44
15
45
7
44
15
46
7
44
15
46
7
44
15
47
7
44
15
48
